podatki <-
structure(list(ID = c(34, 943, 1891, 687, 32, 1432, 352, 748, 
1746, 1718, 210, 636, 1449, 1707, 1983, 901, 1928, 2024, 1795, 
1183, 403, 616, 1879, 1308, 261, 1538, 1401, 1713, 1454, 1429, 
1729, 72, 1466, 1799, 359, 849, 527, 329, 1597, 131, 1600, 551, 
688, 59, 838, 679, 1076, 1956, 496, 1778, 70, 55, 67, 936, 1923, 
1640, 1303, 1217, 813, 1046, 38, 1139, 1871, 1550, 1074, 1645, 
834, 375, 1691, 1264, 1905, 1586, 1862, 547, 711, 1066, 1677, 
871, 203, 1057, 1922, 122, 1683, 1841, 407, 456, 1651, 859, 1603, 
623, 475, 1198, 1663, 1180, 360, 1780, 929, 130, 51, 257, 1145, 
1635, 990, 1772, 1434, 775, 965, 307, 1742, 362, 1513, 1679, 
330, 262, 463, 118, 621, 1805, 47, 1440, 1451, 1926, 221, 1339, 
1655, 915, 718, 1558, 1110, 1820, 1715, 166, 1128, 535, 2010, 
179, 86, 1185, 1012, 615, 1409, 913, 726, 296, 640, 1730, 758, 
447, 996, 44, 1736, 207, 1038, 1543, 302, 1924, 2019, 1899, 1975, 
1669, 1302, 351, 1737, 1473, 714, 1271, 30, 1211, 1751, 326, 
502, 1194, 1250, 745, 1374, 800, 1002, 896, 652, 1633, 1415, 
146, 940, 98, 1497, 650, 293, 211, 1990, 1130, 1884, 1927, 1961, 
464, 1912, 2018, 1801, 1210, 381, 1414, 1453, 1201, 1499, 1553, 
1931, 1457, 967, 649, 137, 1347, 75, 1384, 805, 934, 1610, 656, 
479, 712, 1782, 1196, 1098, 1894, 1915, 608, 1444, 620, 129, 
537, 1825, 1200, 180, 1590, 722, 1895, 1973, 629, 1108, 1902, 
1680, 1317, 2014, 1648, 1389, 543, 1445, 1224, 1678, 1306, 1301, 
892, 1881, 1001, 282, 1186, 891, 1361, 1644, 328, 1765, 1646, 
385, 1040, 966, 949, 1696, 630, 267, 1908, 1929, 470, 1089, 1377, 
1672, 1544, 1656, 1804, 1357, 514, 1642, 802, 1208, 1370, 669, 
1768, 270, 1253, 822, 1462, 984, 1203, 1845, 633, 1830, 1552, 
1177, 725, 235, 518, 1442, 1106, 885, 192, 1531, 903, 1878, 937, 
272, 1735, 1093, 1084, 232, 554, 632, 1753, 806, 983, 299, 899, 
1237, 492, 673, 1914, 213, 619, 271, 505, 298, 1674, 1684, 664, 
1371, 727, 1009, 1356, 579, 200, 292, 1256, 637, 642, 1236, 1004, 
603, 555, 371, 1815, 759, 1867, 419, 1320, 1216, 1346, 285, 1917, 
1165, 786, 1085, 310, 484, 902, 905, 1591, 266, 1985, 1868, 1808, 
1797, 1701, 263, 1079, 1348, 1957, 1360, 563, 1283, 1731, 331, 
1566, 1433, 1075, 1676, 724, 684, 1810, 1134, 1476, 244, 420, 
1834, 426, 239, 1896, 1859, 1598, 448, 346, 1664, 423, 864, 1228, 
1847, 1175, 1920, 1748, 1176, 1088, 1469, 1693, 442, 1027, 862, 
1769, 361, 1734, 1806, 1792, 1363, 831, 1621, 557, 1091, 1491, 
1498, 227, 1720, 576, 269, 1413, 2, 851, 1191, 1277, 1992, 1885, 
807, 1539, 225, 1807, 695, 157, 740, 1594, 1618, 1257, 568, 1572, 
1770, 1166, 1067, 1565, 962, 672, 1903, 1732, 1315, 1675, 737, 
1835, 74, 930, 645, 1490, 987, 1394, 1064, 961, 1050, 242, 2004, 
998, 1626, 950, 1481, 910, 1831, 1234, 1197, 1020, 604, 1982, 
3, 931, 1527, 1911, 1925, 430, 278, 534, 830, 738, 304, 1711, 
91, 1525, 801, 1030, 1661, 241, 1529, 445, 945, 870, 468, 1405, 
417, 512, 820, 245, 595, 1391, 1576, 117, 674, 556, 1998, 1699, 
969, 405, 958, 71, 1242, 1406, 1816, 1709, 1907, 1477, 1392, 
121, 1981, 1567, 64, 699, 1035, 1178, 168, 1522, 609, 435, 599, 
1989, 971, 1874, 1848, 164, 444, 668, 1386, 1193, 497, 1608, 
1828, 1571, 163, 839, 1071, 1951, 1517, 593, 1359, 1365, 1470, 
908, 147, 638, 25, 845, 1435, 439, 1111, 1773, 524, 1505, 1900, 
1758, 1151, 253, 252, 488, 1838, 1495, 1506, 523, 1176, 829, 
1755, 1560, 95, 836, 974, 90, 1906, 1511, 2025, 1705, 1486, 251, 
939, 1622, 136, 1078, 634, 848, 858, 1102, 504, 635, 1886, 1793, 
1092, 1980, 14, 54, 1698, 776, 1304, 1061, 1783, 1427, 1402, 
255, 946, 1367, 1752, 1844, 701, 116, 7, 428, 611, 522, 1265, 
22, 1671, 2007, 409, 757, 436, 1500, 857, 602, 119, 139, 549, 
174, 120, 753, 955, 1767, 373, 1190, 482, 1968, 388, 1613, 1853, 
1447, 1662, 924, 1890, 1349, 150, 487, 872, 187, 1163, 1171, 
427, 1311, 1241, 413, 1140, 453, 1702, 247, 1328, 1620, 1227, 
1910, 799, 1249, 29, 1300, 348, 1474, 10, 321, 1743, 1971, 691, 
867, 23, 191, 532, 1611, 1865, 567, 660, 189, 226, 888, 1025, 
1468, 205, 396, 460, 1897, 399, 1355, 1749, 1335, 2015, 185, 
395, 63, 1569, 755, 1472, 8, 1016, 1450, 1585, 1781, 313, 875, 
1530, 1756, 731, 1083, 36, 1330, 2022, 2020, 1686, 466, 1700, 
882, 785, 1056, 685, 1015, 1039, 550, 589, 1712, 1532, 368, 840, 
1930, 1148, 1619, 382, 467, 238, 571, 1582, 1422, 1643, 1839, 
1245, 1716, 520, 1796, 1880, 421, 1058, 909, 1141, 1119, 1291, 
540, 1109, 1460, 1282, 140, 1438, 1775, 1549, 1116, 149, 1641, 
662, 1802, 1463, 94, 26, 1787, 170, 1653, 134, 922, 887, 24, 
1221, 401, 1978, 1014, 1246, 1919, 1954, 564, 1846, 165, 1464, 
1581, 103, 1400, 832, 1851, 1507, 1580, 212, 248, 1882, 215, 
216, 689, 1510, 890, 1307, 1866, 1991, 677, 1764, 240, 397, 1168, 
768, 303, 1988, 108, 202, 663, 88, 1637, 469, 408, 220, 97, 350, 
1574, 1086, 1275, 877, 1485, 214, 1690, 1588, 1298, 1017, 124, 
265, 1274, 1717, 31, 1568, 1147, 1536, 1034, 169, 1376, 1153, 
846, 508, 653, 1344, 1803, 584, 1192, 606, 624, 1681, 370, 1390, 
980, 111, 1312, 355, 21, 1728, 1501, 1668, 173, 465, 380, 894, 
1682, 1044, 651, 1660, 981, 1833, 1659, 114, 884, 204, 1373, 
1202, 1418, 788, 20, 1398, 1950, 1322, 1654, 82, 366, 1448, 410, 
507, 704, 132, 441, 1327, 486, 1465, 162, 1687, 597, 1790, 1213, 
1189, 1761, 1813, 1842, 732, 876, 2011, 1026, 1955, 1342, 973, 
1875, 856, 277, 229, 681, 1023, 2008, 1763, 433, 1724, 893, 956, 
133, 772, 1170, 297, 1424, 1776, 1523, 1045, 1540, 80, 275, 1267, 
1616, 325, 1916, 880, 577, 198, 411, 53, 1723, 1369, 1762, 197, 
1639, 104, 1065, 1604, 1255, 1850, 1421, 763, 1036, 333, 1722, 
1888, 1877, 1593, 777, 13, 1215, 1757, 1173, 617, 959, 1492, 
1397, 1858, 639, 223, 1233, 1336, 1412, 565, 1305, 1892, 1489, 
494, 1634, 709, 1794, 1060, 516, 715, 274, 794, 356, 2005, 500, 
1745, 1706, 1708, 1771, 1133, 454, 1135, 289, 1010, 1439, 1379, 
783, 986, 199, 1760, 367, 1958, 1333, 1366, 1220, 317, 1979, 
1478, 1446, 1100, 538, 1697, 868, 1218, 451, 1861, 471, 1375, 
1321, 1028, 710, 1740, 1159, 700, 1162, 418, 1824, 1823, 2006, 
1052, 1033, 172, 158, 389, 1068, 1268, 1561, 499, 1048, 295, 
1494, 1592, 792, 988, 374, 1022, 1352, 803, 828, 234, 349, 1889, 
1518, 666, 1483, 1125, 68, 743, 311, 1372, 578, 1358, 779, 1993, 
767, 1230, 795, 209, 1488, 1849, 1615, 774, 93, 175, 1583, 999, 
730, 1107, 501, 914, 1918, 353, 889, 1404, 760, 1747, 658, 1685, 
1332, 495, 1281, 817, 1791, 1417, 997, 895, 66, 671, 707, 1263, 
354, 1575, 1239, 879, 1759, 819, 1578, 717, 323, 1670, 1278, 
657, 1393, 827, 1297, 842, 995, 406, 1164, 705, 65, 1403, 1777, 
1354, 291, 1809, 708, 1936, 627, 1387, 390, 485, 1353, 942, 873, 
818, 1738, 1952, 1812, 1105, 906, 201, 810, 874, 236, 1972, 324, 
766, 921, 1933, 1382, 1157, 1368, 907, 260, 1893, 336, 1537, 
76, 106, 1624, 680, 188, 1994, 1876, 1627, 1452, 594, 1258, 911, 
231, 539, 1160, 1314, 2003, 1606, 869, 935, 821, 412, 1647, 866, 
1206, 952, 1629, 1650, 1142, 363, 1898, 142, 979, 314, 1665, 
1974, 815, 422, 1605, 676, 574, 1632, 985, 1129, 1123, 559, 824, 
933, 546, 1504, 863, 458, 1559, 33, 110, 1548, 2012, 1562, 953, 
414, 702, 1072, 1636, 808, 941, 1005, 1205, 1420, 698, 883, 2001, 
1631, 264, 1570, 1380, 230, 1096, 1704, 678, 1964, 720, 1555, 
39, 723, 1127, 860, 1800, 167, 1395, 916, 1419, 1721, 721, 778, 
2023, 432, 306, 1337, 1811, 1852, 446, 719, 771, 865, 1007, 947, 
455, 513, 1225, 793, 1638, 1953, 286, 1199, 1000, 1612, 728, 
570, 1059, 1826, 1966, 113, 586, 926, 5, 347, 402, 843, 2000, 
1235, 1425, 506, 1695, 1364, 1969, 1842, 1694, 566, 287, 734, 
176, 1262, 1047, 938, 1070, 744, 736, 1179, 558, 1154, 928, 517, 
284, 1739, 1280, 835, 77, 1326, 1341, 1595, 1296, 181, 1883, 
96, 1138, 177, 1055, 1410, 1710, 675, 1726, 811, 339, 789, 386, 
1976, 1509, 765, 977, 1031, 1599, 1132, 1999, 770, 1480, 569, 
1254, 16, 1310, 1508, 1754, 1547, 1273, 596, 665, 1596, 1182, 
1528, 1131, 703, 1744, 1503, 1934, 183, 1149, 2016, 1207, 1248, 
1666, 477, 100, 756, 553, 364, 115, 561, 394, 1909, 1319, 823, 
781, 927, 1602, 769, 1628, 1798, 1094, 1959, 1607, 1226, 1733, 
519, 1986, 206, 750, 1766, 1617, 259, 48, 340, 1408, 1378, 1383, 
