sportnice <-
structure(list(pacient_ = structure(c(485L, 182L, 368L, 27L, 
314L, 535L, 347L, 627L, 162L, 318L, 589L, 58L, 460L, 126L, 189L, 
447L, 280L, 28L, 389L, 25L, 161L, 293L, 197L, 585L, 659L, 388L, 
348L, 453L, 292L, 558L, 139L, 93L, 505L, 512L, 6L, 66L, 72L, 
144L, 122L, 409L, 159L, 4L, 520L, 303L, 26L, 621L, 632L, 531L, 
229L, 595L, 128L, 462L, 422L, 472L, 384L, 665L, 557L, 322L, 452L, 
17L, 99L, 165L, 196L, 24L, 245L, 639L, 333L, 169L, 108L, 79L, 
366L, 339L, 188L, 397L, 301L, 145L, 647L, 40L, 523L, 37L, 54L, 
645L, 101L, 519L, 508L, 3L, 668L, 574L, 477L, 257L, 164L, 211L, 
186L, 179L, 323L, 580L, 478L, 503L, 431L, 154L, 305L, 591L, 8L, 
391L, 133L, 273L, 234L, 277L, 153L, 345L, 371L, 497L, 552L, 262L, 
177L, 105L, 599L, 494L, 463L, 279L, 130L, 364L, 90L, 597L, 131L, 
294L, 136L, 370L, 300L, 635L, 538L, 354L, 84L, 118L, 640L, 615L, 
109L, 174L, 555L, 206L, 586L, 510L, 584L, 326L, 404L, 350L, 253L, 
236L, 491L, 604L, 247L, 278L, 83L, 198L, 263L, 666L, 166L, 395L, 
96L, 176L, 492L, 455L, 425L, 271L, 442L, 411L, 430L, 575L, 110L, 
285L, 114L, 618L, 337L, 365L, 167L, 656L, 85L, 631L, 407L, 440L, 
495L, 513L, 52L, 261L, 598L, 183L, 235L, 571L, 651L, 44L, 356L, 
590L, 650L, 220L, 23L, 325L, 241L, 587L, 630L, 628L, 570L, 155L, 
237L, 661L, 660L, 649L, 87L, 160L, 528L, 113L, 14L, 648L, 533L, 
373L, 578L, 377L, 470L, 132L, 332L, 594L, 102L, 351L, 493L, 352L, 
11L, 489L, 566L, 483L, 95L, 225L, 573L, 406L, 18L, 393L, 417L, 
138L, 403L, 218L, 372L, 456L, 387L, 423L, 284L, 412L, 622L, 275L, 
633L, 418L, 473L, 546L, 553L, 193L, 215L, 601L, 124L, 65L, 646L, 
123L, 296L, 125L, 625L, 60L, 454L, 449L, 249L, 522L, 82L, 643L, 
307L, 588L, 359L, 62L, 410L, 624L, 238L, 490L, 427L, 527L, 349L, 
55L, 583L, 222L, 461L, 448L, 35L, 344L, 529L, 70L, 611L, 342L, 
15L, 104L, 358L, 340L, 117L, 57L, 205L, 380L, 548L, 543L, 626L, 
88L, 76L, 168L, 151L, 209L, 71L, 581L, 518L, 73L, 240L, 563L, 
56L, 68L, 63L, 185L, 507L, 140L, 499L, 260L, 381L, 439L, 612L, 
5L, 47L, 106L, 509L, 258L, 120L, 459L, 614L, 357L, 12L, 195L, 
658L, 667L, 137L, 560L, 343L, 471L, 259L, 2L, 143L, 353L, 516L, 
313L, 607L, 367L, 21L, 251L, 233L, 474L, 504L, 317L, 224L, 286L, 
203L, 98L, 129L, 232L, 609L, 150L, 7L, 16L, 327L, 605L, 376L, 
190L, 382L, 374L, 33L, 602L, 606L, 295L, 355L, 637L, 94L, 207L, 
231L, 199L, 172L, 532L, 514L, 78L, 385L, 239L, 547L, 268L, 19L, 
655L, 230L, 1L, 297L, 269L, 610L, 272L, 127L, 623L, 254L, 13L, 
569L, 464L, 392L, 414L, 616L, 482L, 550L, 46L, 276L, 111L, 413L, 
334L, 401L, 331L, 282L, 539L, 525L, 49L, 157L, 341L, 134L, 415L, 
603L, 91L, 419L, 458L, 227L, 147L, 173L, 451L, 592L, 402L, 556L, 
50L, 379L, 330L, 287L, 484L, 86L, 243L, 457L, 141L, 468L, 29L, 
444L, 336L, 191L, 663L, 480L, 506L, 119L, 654L, 51L, 517L, 515L, 
469L, 396L, 36L, 149L, 408L, 653L, 465L, 620L, 545L, 216L, 576L, 
652L, 310L, 644L, 308L, 103L, 390L, 61L, 443L, 398L, 290L, 479L, 
184L, 264L, 32L, 217L, 31L, 565L, 48L, 255L, 544L, 467L, 446L, 
250L, 64L, 593L, 9L, 363L, 338L, 369L, 281L, 582L, 288L, 142L, 
158L, 600L, 466L, 549L, 201L, 475L, 304L, 335L, 420L, 328L, 242L, 
360L, 399L, 208L, 59L, 266L, 219L, 20L, 291L, 559L, 362L, 187L, 
309L, 204L, 89L, 112L, 608L, 394L, 435L, 429L, 283L, 541L, 577L, 
69L, 436L, 511L, 386L, 567L, 617L, 400L, 324L, 383L, 572L, 378L, 
45L, 252L, 636L, 148L, 579L, 642L, 596L, 214L, 228L, 486L, 441L, 
171L, 669L, 41L, 526L, 312L, 80L, 175L, 496L, 38L, 81L, 244L, 
619L, 77L, 445L, 320L, 298L, 10L, 534L, 375L, 481L, 152L, 562L, 
432L, 662L, 554L, 540L, 450L, 267L, 438L, 192L, 163L, 487L, 311L, 
564L, 226L, 53L, 74L, 75L, 97L, 316L, 289L, 476L, 135L, 156L, 
42L, 223L, 329L, 181L, 121L, 524L, 421L, 210L, 321L, 34L, 500L, 
246L, 92L, 178L, 537L, 530L, 561L, 115L, 39L, 116L, 274L, 265L, 
194L, 346L, 319L, 434L, 664L, 536L, 146L, 405L, 634L, 213L, 498L, 
256L, 22L, 551L, 212L, 416L, 613L, 568L, 302L, 248L, 657L, 202L, 
542L, 641L, 437L, 433L, 502L, 361L, 67L, 306L, 638L, 30L, 428L, 
299L, 43L, 107L, 629L, 270L, 170L, 426L), .Label = c("2071287        ", 
"AA171083       ", "AA220288       ", "AA280585       ", "AAV070786      ", 
"AB031190       ", "AB060385       ", "AB060686       ", "AB060783       ", 
"AB070485       ", "AB110783       ", "AB170181       ", "AB190986       ", 
"AB240988       ", "AB270485       ", "ABU050385      ", "AC241080       ", 
"AÈ090587       ", "AÈ100787       ", "AD050389       ", "AD141178       ", 
"AD190188       ", "AD200889       ", "ADR180787      ", "AF240282       ", 
"AF251184       ", "AG151084       ", "AH160283       ", "AH211078       ", 
"AH301084       ", "AI050885       ", "AJ110687       ", "AJ200786       ", 
"AJ290185       ", "AK100278       ", "AK130282       ", "AK130488       ", 
"AK180883       ", "AL050184       ", "AL050586       ", "AL150188       ", 
"AL151285       ", "AL270984       ", "AL271187       ", "AM150880       ", 
"AM220485       ", "AMT270888      ", "AN170786       ", "AN240686       ", 
"AO130581       ", "AP020485       ", "AP040188       ", "AP040485       ", 
"AP061185       ", "AP110381       ", "AP131085       ", "AP150584       ", 
"AP200989       ", "AP260589       ", "AP260988       ", "AP270990       ", 
"AP300786       ", "AR180589       ", "AR190687       ", "AS080783       ", 
"AS110289       ", "AS200177       ", "AS220790       ", "AŠ030787       ", 
"AŠ04031986     ", "AŠ170888       ", "AŠ170989       ", "AŠ300488       ", 
"AT100382       ", "AT190585       ", "AT271182       ", "AT301286       ", 
"AU270779       ", "AV140887       ", "AV200387       ", "AZ070587       ", 
"AZ150286       ", "AŽ100683       ", "AŽ200578       ", "BB010486       ", 
"BB050286       ", "BB270385       ", "BB280588       ", "BC111177       ", 
"BÈ011285       ", "BD170981       ", "BF110587       ", "BG150885       ", 
"BG210178       ", "BJ110775       ", "BK060787       ", "BK120277       ", 
"BK150781       ", "BK270979       ", "BL290671       ", "BM211086       ", 
"BO310882       ", "BP091090       ", "BP201083       ", "BR101186       ", 
"BS110286       ", "BŠ170480       ", "BV040188       ", "BZ311086       ", 
"CK110888       ", "CM200588       ", "CN270581       ", "DB280385       ", 
"DF280387       ", "DG240585       ", "DJ011181       ", "DJ090182       ", 
"DJ160483       ", "DJ260982       ", "DK240887       ", "DL280388       ", 
"DM140292       ", "DM310583       ", "DN011186       ", "DN020785       ", 
"DP010487       ", "DP070786       ", "DR290182       ", "DS070483       ", 
"DS080983       ", "DS180478       ", "DS271183       ", "DS280588       ", 
"DV191280       ", "EA080889       ", "EA090981       ", "EB120887       ", 
"EB270587       ", "EB280486       ", "EC210887       ", "EG161177       ", 
"EI200687       ", "EJ080984       ", "EJ290591       ", "EK081288       ", 
"EK211186       ", "EK260386       ", "EL071281       ", "EM231187       ", 
"EO010386       ", "EP071087       ", "EP170685       ", "EP200679       ", 
"EP221184       ", "EP290487       ", "ER020288       ", "ER050886       ", 
"ER270587       ", "EV 010488      ", "EV081187       ", "FA230384       ", 
"FJ100288       ", "HG111086       ", "HH111288       ", "HH190783       ", 
"HK091187       ", "HK301086       ", "HO010185       ", "HŠ190889       ", 
"IÈ050387       ", "ID280587       ", "IF290787       ", "IG020984       ", 
"IH090781       ", "IH190588       ", "IJ160687       ", "IK260386       ", 
"IK280185       ", "IM200290       ", "IMÈ220762      ", "IP070482       ", 
"IS160285       ", "IT120588       ", "IV140686       ", "JB060288       ", 
"JB160389       ", "JB190488       ", "JÈ050684       ", "JÈ161188       ", 
"JG230484       ", "JJ190985       ", "JK180686       ", "JK300785       ", 
"JM200482       ", "JN110985       ", "JO140186       ", "JO191084       ", 
"JP120381       ", "JR040185       ", "JR110670       ", "JR260885       ", 
"JS241085       ", "JSK051084      ", "JŠ080674       ", "JŠ250984       ", 
"JV070487       ", "JV180984       ", "JZ020789       ", "JŽ070988       ", 
